43.729191667 -79.607068333 176.5
43.72919 -79.60707 176.5
43.729188333 -79.607071667 176.5
43.729186667 -79.607071667 176.5
43.729183333 -79.607073333 176.5
43.729181667 -79.607076667 176.5
43.729181667 -79.60708 176.5
43.729178333 -79.60709 176.5
43.729171667 -79.607098333 176.5
43.729166667 -79.607115 176.5
43.729171667 -79.607108333 176.5
43.729166667 -79.607118333 176.5
43.729163333 -79.60712 176.5
43.72916 -79.607116667 176.5
43.729158333 -79.607111667 176.5
43.729156667 -79.60711 176.5
43.729153333 -79.607111667 176.5
43.729151667 -79.607111667 176.5
43.72915 -79.607113333 176.5
43.729148333 -79.607115 176.5
43.729146667 -79.607116667 176.5
43.729145 -79.607118333 176.5
43.729143333 -79.60712 176.5
43.729141667 -79.607121667 176.5
43.72914 -79.607121667 176.5
43.72914 -79.607123333 176.5
43.729138333 -79.607126667 176.5
43.729138333 -79.607128333 176.5
43.729136667 -79.607131667 176.5
43.729136667 -79.607135 176.5
43.729135 -79.607136667 176.5
43.729135 -79.60714 176.5
43.729135 -79.607141667 176.5
43.729135 -79.607145 176.5
43.729133333 -79.607148333 176.5
43.729133333 -79.60715 176.5
0.0 0.0 nan
0.0 0.0 nan
0.0 0.0 nan
0.0 0.0 nan
0.0 0.0 nan
0.0 0.0 nan
0.0 0.0 nan
0.0 0.0 nan
0.0 0.0 nan
0.0 0.0 nan
0.0 0.0 nan
0.0 0.0 nan
0.0 0.0 nan
0.0 0.0 nan
0.0 0.0 nan
0.0 0.0 nan
0.0 0.0 nan
0.0 0.0 nan
0.0 0.0 nan
0.0 0.0 nan
0.0 0.0 nan
